timestamp_date,targetSupplyInMil,circulatingSupplyInMil,circSupplyChangeInMil,recentTotalLunaBurntInMil,stakeFromCircSupplyInMil,liquidCircSupplyInMil,circulatingSupply,supplyChange,totalLunaBurnt,stakeFromCircSupply,liquidCircSupply
2021-11-17,893.4,423.0,-8.55,61.05,271.8,151.2,422999520.0,-8547697.0,61054260.0,271795296.0,151204000.0
2021-11-18,893.4,414.33,-8.67,69.73,271.84,142.48,414325888.0,-8673631.0,69727888.0,271844896.0,142481000.0
2021-11-19,893.4,405.6,-8.72,78.45,271.82,133.78,405604768.0,-8721110.0,78449000.0,271820768.0,133784000.0
2021-11-20,893.4,399.62,-5.98,84.43,271.98,127.64,399621216.0,-5983562.0,84432560.0,271977344.0,127644000.0
2021-11-21,893.4,399.6,-0.02,84.46,269.8,129.8,399596288.0,-24929.0,84457488.0,269800480.0,129796000.0
2021-11-22,893.4,399.29,-0.31,84.77,269.99,129.29,399286208.0,-310065.0,84767552.0,269994592.0,129292000.0
2021-11-23,893.4,398.99,-0.29,85.06,274.29,124.7,398994816.0,-291391.0,85058944.0,274293504.0,124701000.0
2021-11-24,893.4,398.86,-0.13,85.19,274.27,124.59,398864992.0,-129827.0,85188768.0,274270144.0,124595000.0
2021-11-25,893.4,397.32,-1.55,86.74,274.6,122.71,397317728.0,-1547273.0,86736040.0,274604000.0,122714000.0
2021-11-26,893.4,395.67,-1.65,88.38,274.9,120.77,395672576.0,-1645138.0,88381176.0,274903616.0,120769000.0
2021-11-27,893.4,394.33,-1.35,89.73,275.26,119.07,394326528.0,-1346046.0,89727224.0,275257088.0,119069000.0
2021-11-28,893.4,393.11,-1.22,90.94,275.7,117.41,393110656.0,-1215863.0,90943088.0,275702656.0,117408000.0
2021-11-29,893.4,391.85,-1.26,92.21,276.06,115.79,391846816.0,-1263848.0,92206936.0,276056768.0,115790000.0
2021-11-30,893.4,390.95,-0.9,93.11,276.55,114.39,390947808.0,-899007.0,93105944.0,276553632.0,114394000.0
2021-12-01,893.4,389.81,-1.14,94.24,277.02,112.79,389810112.0,-1137700.0,94243648.0,277021248.0,112789000.0
2021-12-02,893.4,388.22,-1.59,95.83,272.88,115.34,388220544.0,-1589562.0,95833208.0,272884928.0,115336000.0
2021-12-03,893.4,386.57,-1.65,97.48,270.71,115.86,386570336.0,-1650210.0,97483416.0,270705728.0,115865000.0
2021-12-04,893.4,387.66,1.08,96.4,270.43,117.23,387655136.0,1084790.0,96398624.0,270425024.0,117230000.0
2021-12-05,893.4,385.59,-2.07,98.46,269.22,116.37,385589024.0,-2066109.0,98464736.0,269218272.0,116371000.0
2021-12-06,893.4,384.05,-1.54,100.01,266.45,117.6,384046976.0,-1542054.0,100006792.0,266449024.0,117598000.0
2021-12-07,893.4,383.03,-1.01,101.02,266.46,116.57,383034496.0,-1012494.0,101019288.0,266462304.0,116572000.0
2021-12-08,893.4,381.07,-1.96,102.98,259.54,121.53,381069888.0,-1964606.0,102983896.0,259541184.0,121529000.0
2021-12-09,893.4,379.82,-1.25,104.23,259.69,120.14,379823040.0,-1246841.0,104230736.0,259687632.0,120135000.0
2021-12-10,893.4,378.75,-1.07,105.3,259.43,119.32,378754208.0,-1068828.0,105299568.0,259429360.0,119325000.0
2021-12-11,893.4,378.66,-0.09,105.39,258.32,120.34,378664160.0,-90051.0,105389616.0,258323200.0,120341000.0
2021-12-12,893.4,378.39,-0.28,105.67,255.3,123.09,378387808.0,-276367.0,105665984.0,255299744.0,123088000.0
2021-12-13,893.4,377.54,-0.85,106.51,258.18,119.36,377542272.0,-845533.0,106511520.0,258178272.0,119364000.0
2021-12-14,893.4,376.57,-0.97,107.48,257.29,119.28,376569184.0,-973100.0,107484624.0,257290304.0,119279000.0
2021-12-15,893.4,376.28,-0.28,107.77,257.3,118.98,376284224.0,-284965.0,107769592.0,257300992.0,118983000.0
2021-12-16,893.4,376.26,-0.03,107.8,256.78,119.48,376258176.0,-26032.0,107795624.0,256776448.0,119482000.0
2021-12-17,893.4,376.11,-0.15,107.95,256.29,119.81,376106752.0,-151429.0,107947056.0,256292032.0,119815000.0
2021-12-18,893.4,374.82,-1.28,109.23,256.46,118.37,374821856.0,-1284900.0,109231952.0,256456432.0,118365000.0
2021-12-19,893.4,373.95,-0.88,110.11,256.56,117.39,373946464.0,-875393.0,110107344.0,256557584.0,117389000.0
2021-12-20,893.4,372.13,-1.82,111.92,256.68,115.45,372130944.0,-1815536.0,111922880.0,256679696.0,115451000.0
2021-12-21,893.4,370.4,-1.73,113.65,256.53,113.87,370404512.0,-1726435.0,113649312.0,256533152.0,113871000.0
2021-12-22,893.4,368.53,-1.88,115.53,255.64,112.89,368526720.0,-1877795.0,115527104.0,255638944.0,112888000.0
2021-12-23,893.4,367.08,-1.44,116.97,253.97,113.11,367082112.0,-1444593.0,116971696.0,253972976.0,113109000.0
2021-12-24,893.4,365.3,-1.78,118.75,253.88,111.43,365304096.0,-1778021.0,118749720.0,253878032.0,111426000.0
2021-12-25,893.4,364.27,-1.03,119.78,253.84,110.43,364271392.0,-1032718.0,119782440.0,253844000.0,110427000.0
2021-12-26,893.4,363.64,-0.63,120.42,253.33,110.31,363638016.0,-633389.0,120415832.0,253329344.0,110309000.0
2021-12-27,893.4,362.9,-0.74,121.15,253.31,109.59,362900544.0,-737461.0,121153296.0,253307744.0,109593000.0
2021-12-28,893.4,362.66,-0.24,121.4,253.33,109.32,362658112.0,-242417.0,121395712.0,253334368.0,109324000.0
2021-12-29,893.4,362.33,-0.33,121.73,254.01,108.31,362327712.0,-330415.0,121726128.0,254013760.0,108314000.0
2021-12-30,893.4,361.99,-0.34,122.06,253.94,108.06,361992416.0,-335297.0,122061424.0,253935888.0,108057000.0
2021-12-31,893.4,361.78,-0.21,122.27,253.09,108.69,361782848.0,-209569.0,122270992.0,253092096.0,108691000.0
2022-01-01,893.4,361.8,0.02,122.25,256.69,105.11,361799040.0,16176.0,122254816.0,256690736.0,105108000.0
2022-01-02,893.4,361.81,0.01,122.25,257.01,104.8,361807712.0,8672.0,122246144.0,257009792.0,104798000.0
2022-01-03,893.4,360.8,-1.01,123.25,257.06,103.74,360800384.0,-1007344.0,123253488.0,257060176.0,103740000.0
2022-01-04,893.4,359.91,-0.89,124.14,257.12,102.79,359910624.0,-889756.0,124143248.0,257120816.0,102790000.0
2022-01-05,893.4,359.5,-0.42,124.56,257.18,102.32,359495264.0,-415350.0,124558600.0,257176944.0,102318000.0
2022-01-06,893.4,359.02,-0.48,125.04,257.39,101.63,359017792.0,-477475.0,125036072.0,257392272.0,101626000.0
2022-01-07,893.4,358.59,-0.43,125.46,256.51,102.08,358588960.0,-428821.0,125464896.0,256513520.0,102075000.0
2022-01-08,893.4,358.43,-0.16,125.62,256.25,102.19,358433760.0,-155200.0,125620096.0,256245680.0,102188000.0
2022-01-09,893.4,358.37,-0.06,125.68,256.33,102.04,358371776.0,-61987.0,125682080.0,256332208.0,102040000.0
2022-01-10,893.4,357.75,-0.62,126.3,255.6,102.15,357752320.0,-619465.0,126301544.0,255602912.0,102149000.0
2022-01-11,893.4,357.17,-0.58,126.88,255.59,101.58,357169792.0,-582543.0,126884088.0,255594448.0,101575000.0
2022-01-12,893.4,357.01,-0.16,127.04,255.87,101.14,357013632.0,-156160.0,127040248.0,255869328.0,101144000.0
2022-01-13,893.4,356.59,-0.42,127.46,255.27,101.31,356589760.0,-423857.0,127464104.0,255274976.0,101315000.0
2022-01-14,893.4,359.23,2.64,124.82,255.23,104.0,359232256.0,2642506.0,124821600.0,255231152.0,104001000.0
2022-01-15,893.4,358.99,-0.25,125.07,255.35,103.63,358986784.0,-245473.0,125067072.0,255352000.0,103635000.0
2022-01-16,893.4,358.62,-0.36,125.43,255.46,103.16,358622496.0,-364296.0,125431368.0,255462864.0,103160000.0
2022-01-17,893.4,358.03,-0.59,126.03,255.53,102.49,358028672.0,-593830.0,126025200.0,255534768.0,102494000.0
2022-01-18,893.4,357.95,-0.08,126.1,255.74,102.21,357950816.0,-77866.0,126103064.0,255736896.0,102214000.0
2022-01-19,893.4,357.39,-0.56,126.66,255.6,101.79,357394272.0,-556542.0,126659608.0,255600160.0,101794000.0
2022-01-20,893.4,356.96,-0.43,127.09,254.44,102.52,356961216.0,-433071.0,127092680.0,254437104.0,102524000.0
2022-01-21,893.4,405.71,48.75,78.35,254.51,151.2,405706688.0,48745488.0,78347192.0,254510768.0,151196000.0
2022-01-22,893.4,404.53,-1.18,79.53,253.77,150.76,404527168.0,-1179530.0,79526720.0,253767536.0,150760000.0
2022-01-23,893.4,403.27,-1.26,80.78,253.84,149.43,403270208.0,-1256974.0,80783696.0,253843856.0,149426000.0
2022-01-24,893.4,402.22,-1.05,81.84,254.67,147.55,402216192.0,-1054025.0,81837720.0,254666208.0,147550000.0
2022-01-25,893.4,401.93,-0.29,82.13,255.61,146.31,401925472.0,-290707.0,82128424.0,255612864.0,146313000.0
2022-01-26,893.4,401.81,-0.12,82.25,255.39,146.42,401807520.0,-117957.0,82246384.0,255390512.0,146417000.0
2022-01-27,893.4,400.94,-0.87,83.11,255.52,145.42,400941024.0,-866485.0,83112872.0,255519856.0,145421000.0
2022-01-28,893.4,400.68,-0.26,83.37,253.81,146.87,400681344.0,-259669.0,83372544.0,253811984.0,146869000.0
2022-01-29,893.4,400.86,0.18,83.19,253.83,147.03,400858944.0,177616.0,83194928.0,253832416.0,147027000.0
2022-01-30,893.4,400.78,-0.08,83.27,253.61,147.16,400779392.0,-79558.0,83274488.0,253614560.0,147165000.0
2022-01-31,893.4,400.74,-0.04,83.31,252.59,148.15,400741600.0,-37793.0,83312280.0,252588576.0,148153000.0
2022-02-01,893.4,400.85,0.11,83.2,252.72,148.14,400852928.0,111336.0,83200944.0,252717904.0,148135000.0
2022-02-02,893.4,400.72,-0.13,83.33,252.47,148.25,400723040.0,-129875.0,83330816.0,252471968.0,148251000.0
2022-02-03,893.4,400.69,-0.03,83.36,251.94,148.75,400693504.0,-29531.0,83360344.0,251941312.0,148752000.0
2022-02-04,893.4,400.85,0.15,83.21,251.62,149.22,400845888.0,152400.0,83207944.0,251622832.0,149223000.0
2022-02-05,893.4,400.9,0.06,83.15,251.67,149.23,400902624.0,56724.0,83151216.0,251674592.0,149228000.0
2022-02-06,893.4,400.94,0.04,83.11,249.28,151.67,400944672.0,42060.0,83109152.0,249277392.0,151667000.0
2022-02-07,893.4,401.22,0.28,82.83,248.58,152.64,401224384.0,279726.0,82829424.0,248582368.0,152642000.0
2022-02-08,893.4,401.32,0.09,82.74,248.72,152.59,401315200.0,90805.0,82738616.0,248722976.0,152592000.0
2022-02-09,893.4,401.36,0.05,82.69,244.97,156.39,401361216.0,46018.0,82692600.0,244966640.0,156395000.0
2022-02-10,893.4,401.38,0.02,82.68,245.39,155.98,401377280.0,16061.0,82676536.0,245394512.0,155983000.0
2022-02-11,893.4,400.11,-1.27,83.95,245.4,154.7,400105248.0,-1272029.0,83948568.0,245404800.0,154700000.0
2022-02-12,893.4,398.58,-1.52,85.47,245.22,153.36,398583648.0,-1521602.0,85470168.0,245222288.0,153361000.0
2022-02-13,893.4,397.15,-1.43,86.9,245.24,151.91,397151520.0,-1432120.0,86902288.0,245243872.0,151908000.0
2022-02-14,893.4,396.89,-0.27,87.17,245.25,151.63,396886144.0,-265364.0,87167648.0,245254432.0,151632000.0
